{
 "cells": [
  {
   "cell_type": "markdown",
   "id": "eb7b402d",
   "metadata": {},
   "source": [
    "## 仕様\n",
    "\n",
    "この課題は「2次元リストを作成して、そのリストから値を取り出して表示する」という理解を確認する内容です。\n",
    "\n",
    "以下の仕様に沿って、2つのコードセルの追記・修正を行うこと。\n",
    "\n",
    "---\n",
    "\n",
    "### 1. 九九のリストを作成する\n",
    "\n",
    "- 「#@title 九九のリストを作成する」と書かれた行の下にコードを追加する  \n",
    "- 九九（1〜9）の結果を格納した 2次元リスト を作成する  \n",
    "- 作成方法は以下のいずれかを使用すること  \n",
    "  - リスト内包表記  \n",
    "  - 二重ループ  \n",
    "- **直書きによる 9×9 のリスト定義は禁止**\n",
    "\n",
    "---\n",
    "\n",
    "### 2. 九九の表を表示する\n",
    "\n",
    "- 「#@title 九九の表を表示する」と書かれた行の下にある 二重の for 文を修正する\n",
    "- 作成した2次元リストから値を取り出して九九を表示する  \n",
    "- 出力形式は、指定された実行結果と同じレイアウトにすること  "
   ]
  },
  {
   "cell_type": "code",
   "execution_count": 7,
   "id": "1fce5183",
   "metadata": {},
   "outputs": [
    {
     "name": "stdout",
     "output_type": "stream",
     "text": [
      "[[1, 2, 3, 4, 5, 6, 7, 8, 9], [2, 4, 6, 8, 10, 12, 14, 16, 18], [3, 6, 9, 12, 15, 18, 21, 24, 27], [4, 8, 12, 16, 20, 24, 28, 32, 36], [5, 10, 15, 20, 25, 30, 35, 40, 45], [6, 12, 18, 24, 30, 36, 42, 48, 54], [7, 14, 21, 28, 35, 42, 49, 56, 63], [8, 16, 24, 32, 40, 48, 56, 64, 72], [9, 18, 27, 36, 45, 54, 63, 72, 81]]\n"
     ]
    }
   ],
   "source": [
    "#@title 九九のリストを作成する\n",
    "print([[i * j for j in range(1, 10)] for i in range(1, 10)])"
   ]
  },
  {
   "cell_type": "code",
   "execution_count": 9,
   "id": "1c7cffed",
   "metadata": {},
   "outputs": [
    {
     "name": "stdout",
     "output_type": "stream",
     "text": [
      "  1  2  3  4  5  6  7  8  9\n",
      "  2  4  6  8 10 12 14 16 18\n",
      "  3  6  9 12 15 18 21 24 27\n",
      "  4  8 12 16 20 24 28 32 36\n",
      "  5 10 15 20 25 30 35 40 45\n",
      "  6 12 18 24 30 36 42 48 54\n",
      "  7 14 21 28 35 42 49 56 63\n",
      "  8 16 24 32 40 48 56 64 72\n",
      "  9 18 27 36 45 54 63 72 81\n"
     ]
    }
   ],
   "source": [
    "#@title 九九の表を表示する\n",
    "cells81 = [[i * j for j in range(1, 10)] for i in range(1, 10)]\n",
    "for v in range(1, 10):\n",
    "    for h in range(1, 10):\n",
    "        print(f\"{cells81[v-1][h-1]:3d}\", end=\"\")\n",
    "\n",
    "    print(\"\")"
   ]
  }
 ],
 "metadata": {
  "kernelspec": {
   "display_name": ".venv (3.12.13)",
   "language": "python",
   "name": "python3"
  },
  "language_info": {
   "codemirror_mode": {
    "name": "ipython",
    "version": 3
   },
   "file_extension": ".py",
   "mimetype": "text/x-python",
   "name": "python",
   "nbconvert_exporter": "python",
   "pygments_lexer": "ipython3",
   "version": "3.12.13"
  }
 },
 "nbformat": 4,
 "nbformat_minor": 5
}
